BEGIN HEADER
   METHOD 1
   NLOOPS 48
   POSTCLUSTER 1.000000 1.500000 1.900000
   MAXLENGTH 7
   SCHEME 1 3 5 7 6 4 2 
   NODISTANCE
   NOANGLES
   TRUETORSIONS
END HEADER

BEGIN DATA
    0.4884    0.8726    0.8637    0.5040    0.0840   -0.9965    0.9042    0.4271   -0.6526    0.7577   -0.1243   -0.9922   -0.8167   -0.5771   -0.3860    0.9225   -0.1149   -0.9934   -0.9707    0.2403    0.8197   -0.5728    0.0233   -0.9997   -0.9897    0.1434    0.7424   -0.6700    0.0751   -0.9972   -0.9623    0.2718    0.5561   -0.8311    0.1050   -0.9945   -0.7356    0.6774    0.6222   -0.7828    0.0343   -0.9994
    0.5626    0.8267    0.8384    0.5451    0.0337   -0.9994    0.9531    0.3028   -0.8494    0.5278   -0.1284   -0.9917   -0.7810   -0.6246    0.1725    0.9850   -0.0255   -0.9997   -0.9996   -0.0272    0.6836   -0.7298   -0.0295   -0.9996   -0.9946    0.1040    0.5694   -0.8221    0.0350   -0.9994   -0.9880    0.1545    0.1319   -0.9913   -0.0823   -0.9966   -0.9112    0.4119   -0.7193    0.6947   -0.0020   -1.0000
    0.6989    0.7153    0.8279    0.5609    0.1008   -0.9949    0.8581    0.5135   -0.4013    0.9159    0.0390   -0.9992   -0.3939   -0.9191   -0.1192    0.9929   -0.0149   -0.9999   -0.9488    0.3160    0.5098   -0.8603    0.0257   -0.9997   -0.9359   -0.3524    0.7618   -0.6478   -0.0143   -0.9999   -0.9700    0.2431    0.2161   -0.9764   -0.0330   -0.9995   -0.6373    0.7706    0.8318   -0.5550    0.0397   -0.9992
    0.8155    0.5788    0.6722    0.7403    0.1196   -0.9928    0.7882    0.6154    0.4462    0.8949    0.0764   -0.9971    0.1906   -0.9817   -0.1867    0.9824    0.0073   -1.0000   -0.9950    0.0999    0.7667   -0.6421   -0.0054   -1.0000   -0.9848    0.1736    0.7055   -0.7087   -0.0152   -0.9999   -0.9920    0.1260    0.4887   -0.8724   -0.0806   -0.9967   -0.5449    0.8385   -0.7420    0.6704   -0.0770   -0.9970
    0.4824    0.8760    0.8565    0.5162    0.0424   -0.9991    0.8592    0.5116   -0.8580    0.5137    0.0221   -0.9998   -0.9960   -0.0891   -0.8577    0.5141   -0.0109   -0.9999   -0.5975    0.8019    0.8913   -0.4534    0.0212   -0.9998   -0.9897    0.1429    0.6480   -0.7617   -0.0723   -0.9974   -0.9934    0.1150   -0.0168   -0.9999    0.0109   -0.9999   -0.9961    0.0886    0.8513   -0.5247   -0.0078   -1.0000
    0.7454    0.6666    0.8391    0.5440    0.0769   -0.9970    0.9570    0.2900   -0.6339    0.7734   -0.2958   -0.9552   -0.6714   -0.7411   -0.0746    0.9972   -0.1019   -0.9948   -0.9846   -0.1751    0.6108   -0.7918   -0.0938   -0.9956   -0.9992   -0.0389    0.0067   -1.0000    0.1553   -0.9879   -0.9972   -0.0744   -0.3713   -0.9285   -0.0088   -1.0000   -0.9160   -0.4012    0.5482   -0.8364   -0.1566   -0.9877
    0.7505    0.6609    0.7184    0.6957   -0.1308   -0.9914    0.7805    0.6252   -0.5719    0.8203   -0.0515   -0.9987   -0.9062   -0.4229   -0.8079    0.5893   -0.1876   -0.9822   -0.7871    0.6168    0.8777   -0.4792    0.0415   -0.9991   -0.9818    0.1899    0.4025   -0.9154    0.1697   -0.9855   -0.9482    0.3177    0.0763   -0.9971    0.1526   -0.9883   -0.8932    0.4497    0.5976   -0.8018    0.1590   -0.9873
    0.7187    0.6953    0.8593    0.5114    0.0589   -0.9983    0.8974    0.4412   -0.8373    0.5468   -0.1358   -0.9907   -0.8768   -0.4809   -0.3405    0.9403   -0.0496   -0.9988   -0.9447    0.3280    0.9988   -0.0490    0.0832   -0.9965   -0.7313    0.6821    0.3279   -0.9447    0.0339   -0.9994   -0.9874   -0.1584    0.4234   -0.9059    0.2008   -0.9796   -0.7306    0.6828    0.9093   -0.4161    0.0438   -0.9990
    0.8487    0.5288    0.7432    0.6691    0.0869   -0.9962    0.9811    0.1937   -0.7120    0.7022   -0.2688   -0.9632   -0.5855   -0.8107   -0.1519    0.9884    0.0390   -0.9992   -0.9788    0.2050    0.7597   -0.6503    0.0213   -0.9998   -0.9974   -0.0723    0.4761   -0.8794    0.0094   -1.0000   -0.9990   -0.0455    0.4680   -0.8837    0.0331   -0.9995   -0.8263    0.5632    0.9676   -0.2526    0.0109   -0.9999
    0.7679    0.6406    0.7827    0.6224    0.0142   -0.9999    0.9228    0.3854   -0.7513    0.6599   -0.1575   -0.9875   -0.7862   -0.6180   -0.0954    0.9954   -0.1271   -0.9919   -0.9995   -0.0312    0.8384   -0.5451    0.0203   -0.9998   -0.9775    0.2110    0.6941   -0.7199    0.1570   -0.9876   -0.9053    0.4248    0.4686   -0.8834   -0.0036   -1.0000   -0.8794    0.4762    0.5988   -0.8009   -0.0501   -0.9987
   -0.9865   -0.1636    0.9881    0.1540   -0.0925   -0.9957    0.8031    0.5959   -0.7430    0.6693   -0.0690   -0.9976   -0.9559   -0.2937   -0.6261    0.7798   -0.1376   -0.9905   -0.7660    0.6428    0.7490   -0.6626    0.1855   -0.9826   -0.9195   -0.3930    0.1423   -0.9898    0.0576   -0.9983   -0.7783   -0.6279   -0.1128   -0.9936    0.2191   -0.9757   -0.8041    0.5945    0.5336   -0.8458    0.0326   -0.9995
    0.7626    0.6468    0.8038    0.5949    0.0442   -0.9990    0.9329    0.3602   -0.7298    0.6837   -0.0469   -0.9989   -0.7532   -0.6578    0.0025    1.0000   -0.0172   -0.9999   -1.0000    0.0080    0.8939   -0.4482    0.0156   -0.9999   -0.9226    0.3858    0.6433   -0.7656    0.0221   -0.9998   -0.9639    0.2663   -0.2589   -0.9659   -0.0334   -0.9994   -0.9940    0.1092    0.8358   -0.5491    0.0239   -0.9997
    0.8843    0.4669    0.6241    0.7813    0.0343   -0.9994    0.9260    0.3776   -0.4438    0.8961   -0.1100   -0.9939   -0.5356   -0.8445    0.0483    0.9988   -0.0272   -0.9996   -0.9802   -0.1979    0.7473   -0.6645   -0.1072   -0.9942   -0.9989    0.0462    0.7483   -0.6633    0.0613   -0.9981   -0.9304    0.3666    0.2755   -0.9613    0.0146   -0.9999   -0.9994    0.0342    0.7615   -0.6482   -0.0230   -0.9997
    0.7191    0.6949    0.7376    0.6753   -0.0324   -0.9995    0.8169    0.5767   -0.2347    0.9721   -0.0836   -0.9965   -0.3894   -0.9211    0.3066    0.9518    0.0075   -1.0000   -0.9398   -0.3418    0.6957   -0.7183    0.0330   -0.9995   -0.9824    0.1870    0.7327   -0.6806    0.0552   -0.9985   -0.9698    0.2437    0.2815   -0.9596   -0.0817   -0.9967   -0.8922    0.4516    0.5976   -0.8018   -0.0026   -1.0000
    0.5643    0.8256    0.9722    0.2340   -0.0394   -0.9992    0.8044    0.5940   -0.5258    0.8506   -0.3540   -0.9353   -0.4609   -0.8875   -0.0651    0.9979    0.0150   -0.9999   -0.9987   -0.0511    0.7356   -0.6774    0.0118   -0.9999   -0.9819    0.1894    0.5515   -0.8342    0.1066   -0.9943   -0.9734    0.2293    0.6158   -0.7879    0.0402   -0.9992   -0.7995    0.6006    0.8725   -0.4886    0.0046   -1.0000
    0.7335    0.6797    0.7927    0.6096    0.0699   -0.9976    0.9486    0.3165   -0.8184    0.5746   -0.0545   -0.9985   -0.7062   -0.7080    0.3266    0.9451   -0.0072   -1.0000   -0.9783   -0.2072    0.9500   -0.3122    0.0491   -0.9988   -0.9361    0.3517    0.7367   -0.6762    0.0333   -0.9994   -0.9154    0.4025    0.4288   -0.9034   -0.0232   -0.9997   -0.8351    0.5500   -0.6932    0.7208   -0.0471   -0.9989
    0.7690    0.6393    0.6218    0.7832   -0.0093   -1.0000    0.9189    0.3944   -0.5591    0.8291   -0.0926   -0.9957   -0.6607   -0.7506    0.0540    0.9985    0.0308   -0.9995   -0.9981   -0.0612    0.8738   -0.4863    0.0711   -0.9975   -0.9715    0.2370    0.6301   -0.7765    0.1397   -0.9902   -0.9260    0.3775    0.3240   -0.9461    0.0254   -0.9997   -0.8914    0.4532    0.6253   -0.7804    0.0682   -0.9977
    0.8019    0.5974    0.7937    0.6084    0.0919   -0.9958    0.8571    0.5151   -0.5257    0.8507   -0.1040   -0.9946   -0.7527   -0.6583   -0.3177    0.9482   -0.1624   -0.9867   -0.9901    0.1406    0.6509   -0.7592    0.0031   -1.0000   -0.9991   -0.0423    0.6133   -0.7899    0.0637   -0.9980   -0.9831    0.1831    0.7155   -0.6986    0.0488   -0.9988   -0.9127    0.4086    0.7898   -0.6134   -0.0079   -1.0000
    0.9208    0.3901   -0.5282   -0.8491    0.0790   -0.9969   -0.9113   -0.4119   -0.2044    0.9789   -0.1072   -0.9942   -0.8029   -0.5961    0.2785    0.9604   -0.0244   -0.9997   -0.9745   -0.2243    0.5741   -0.8188    0.0596   -0.9982   -0.9997   -0.0239    0.5681   -0.8230    0.0201   -0.9998   -0.9971   -0.0759   -0.0945   -0.9955   -0.0458   -0.9990   -0.8547    0.5191    0.8510   -0.5252   -0.0145   -0.9999
    0.7722    0.6354    0.7084    0.7058    0.0394   -0.9992    0.8109    0.5851   -0.5962    0.8028   -0.0046   -1.0000   -0.9839   -0.1789   -0.5005    0.8657   -0.2163   -0.9763   -0.9990   -0.0453    0.7810   -0.6245    0.0035   -1.0000   -0.9857    0.1684    0.6737   -0.7390    0.0599   -0.9982   -0.9227    0.3856    0.2433   -0.9699   -0.0341   -0.9994   -0.9263    0.3769    0.6596   -0.7517   -0.0092   -1.0000
    0.5499    0.8352    0.8981    0.4397   -0.0646   -0.9979    0.7908    0.6121   -0.6974    0.7167   -0.1136   -0.9935   -0.8098   -0.5867    0.0725    0.9974   -0.0402   -0.9992   -0.9999    0.0125    0.9381   -0.3463    0.1031   -0.9947   -0.8934    0.4492    0.7255   -0.6882    0.0414   -0.9991   -0.9990    0.0453    0.2259   -0.9742   -0.0501   -0.9987   -0.8383    0.5453    0.8096   -0.5869    0.0382   -0.9993
    0.9317    0.3634    0.5734    0.8193   -0.0198   -0.9998    0.9507    0.3101   -0.6376    0.7703   -0.1634   -0.9866   -0.8396   -0.5432   -0.5223    0.8528   -0.1718   -0.9851   -0.9520    0.3062    0.7059   -0.7083    0.0566   -0.9984   -0.9999    0.0105    0.7776   -0.6287    0.0810   -0.9967   -0.8857    0.4643    0.3372   -0.9414   -0.1488   -0.9889   -0.9032    0.4293    0.6310   -0.7758    0.0905   -0.9959
    0.7818    0.6235    0.8477    0.5305   -0.1409   -0.9900    0.5112    0.8594   -0.6243    0.7811   -0.0027   -1.0000   -0.9264   -0.3766   -0.1581    0.9874   -0.1833   -0.9831   -1.0000    0.0069    0.9034   -0.4288    0.0080   -1.0000   -0.9728    0.2319    0.5595   -0.8288    0.0841   -0.9965   -0.9936   -0.1128    0.2948   -0.9556   -0.0279   -0.9996   -0.9180    0.3967    0.7140   -0.7002   -0.0102   -0.9999
    0.8088    0.5882    0.6084    0.7936    0.0261   -0.9997    0.8295    0.5585    0.3436    0.9391   -0.0257   -0.9997   -0.0950   -0.9955   -0.5336    0.8457   -0.0620   -0.9981   -0.9774    0.2115    0.8715   -0.4905    0.0209   -0.9998   -0.9881    0.1535    0.8169   -0.5768    0.0332   -0.9994   -0.8911    0.4539    0.4338   -0.9010   -0.0196   -0.9998   -0.9070    0.4211    0.6656   -0.7463   -0.0070   -1.0000
    0.8212    0.5706    0.9836    0.1806    0.1069   -0.9943    0.8666    0.4990   -0.9715    0.2371   -0.0307   -0.9995   -0.9686   -0.2486   -0.3506    0.9365   -0.2377   -0.9713   -0.9725    0.2331    0.6175   -0.7865   -0.0766   -0.9971   -0.9994   -0.0357    0.6788   -0.7343    0.1273   -0.9919   -0.9403    0.3402    0.5766   -0.8170    0.0469   -0.9989   -0.9090    0.4168    0.7250   -0.6887    0.1498   -0.9887
    0.7715    0.6362    0.8733    0.4872   -0.0014   -1.0000    0.7736    0.6336    0.2134    0.9770   -0.3245   -0.9459   -0.0152   -0.9999   -0.5704    0.8214   -0.1187   -0.9929   -0.9702    0.2424    0.7982   -0.6024    0.0587   -0.9983   -0.9889    0.1483    0.7822   -0.6231    0.1233   -0.9924   -0.9556    0.2948    0.6767   -0.7363    0.0566   -0.9984   -0.7464    0.6655    0.5831   -0.8124   -0.0670   -0.9977
    0.9128    0.4085   -0.2244   -0.9745   -0.0357   -0.9994   -0.9940   -0.1096   -0.1886    0.9820   -0.1577   -0.9875   -0.7588   -0.6514   -0.0440    0.9990   -0.0501   -0.9987   -0.9986    0.0535    0.8287   -0.5597   -0.0323   -0.9995   -0.9929    0.1186    0.7818   -0.6235   -0.0823   -0.9966   -0.9706    0.2408    0.6512   -0.7589    0.0536   -0.9986   -0.7398    0.6728    0.7272   -0.6864   -0.0492   -0.9988
    0.7358    0.6773    0.7567    0.6538   -0.0009   -1.0000    0.9371    0.3490   -0.7315    0.6818   -0.1106   -0.9939   -0.6542   -0.7564    0.2037    0.9790   -0.0102   -0.9999   -0.9992   -0.0393    0.9270   -0.3751    0.0245   -0.9997   -0.9350    0.3546    0.7301   -0.6834   -0.0743   -0.9972   -0.9412    0.3377    0.2102   -0.9777    0.0479   -0.9989   -0.8040    0.5947    0.8973   -0.4414    0.1360   -0.9907
    0.7675    0.6411    0.9006    0.4346    0.1410   -0.9900    0.9562    0.2928   -0.8159    0.5781   -0.1952   -0.9808   -0.6735   -0.7392    0.1387    0.9903   -0.1162   -0.9932   -1.0000   -0.0001    0.3762   -0.9265   -0.1101   -0.9939   -0.9239   -0.3827    0.5878   -0.8090   -0.1393   -0.9902   -0.9518   -0.3068    0.5409   -0.8411    0.0379   -0.9993   -0.9081    0.4187    0.5767   -0.8169   -0.0093   -1.0000
    0.5603    0.8283    0.9057    0.4240    0.1202   -0.9927    0.9636    0.2672   -0.6895    0.7243   -0.2502   -0.9682   -0.4456   -0.8952    0.1489    0.9889   -0.0314   -0.9995   -0.9966   -0.0822    0.8176   -0.5758    0.1244   -0.9922   -0.9163    0.4005    0.4070   -0.9134    0.0996   -0.9950   -0.9986   -0.0528    0.3023   -0.9532    0.1137   -0.9935   -0.7635    0.6458    0.9471   -0.3211    0.0863   -0.9963
    0.9852    0.1713   -0.9302   -0.3670    0.0987   -0.9951   -0.7334   -0.6798   -0.5474    0.8369   -0.1459   -0.9893   -0.8606   -0.5093    0.0737    0.9973   -0.1728   -0.9849   -0.9995   -0.0302    0.7903   -0.6127    0.0558   -0.9984   -0.9860    0.1669    0.5219   -0.8530   -0.0046   -1.0000   -1.0000   -0.0091    0.0087   -1.0000    0.0011   -1.0000   -0.7711    0.6367    0.8536   -0.5209    0.0996   -0.9950
    0.7142    0.6999    0.7232    0.6907    0.0662   -0.9978    0.9505    0.3106   -0.7916    0.6111   -0.0713   -0.9975   -0.7668   -0.6419    0.3031    0.9530   -0.0575   -0.9983   -0.9812   -0.1928    0.8803   -0.4744    0.0438   -0.9990   -0.9143    0.4051    0.7064   -0.7078    0.0988   -0.9951   -0.9459    0.3244   -0.0133   -0.9999   -0.0682   -0.9977   -0.9503    0.3113    0.7184   -0.6956    0.0434   -0.9991
    0.6139    0.7894    0.8432    0.5375    0.0174   -0.9998    0.9074    0.4203   -0.7844    0.6203   -0.1419   -0.9899   -0.8664   -0.4994   -0.2117    0.9773   -0.1056   -0.9944   -0.9945    0.1046    0.8333   -0.5528    0.0400   -0.9992   -0.9792    0.2031    0.6176   -0.7865    0.0761   -0.9971   -0.9563    0.2925    0.2454   -0.9694   -0.0213   -0.9998   -0.8519    0.5237    0.6955   -0.7186    0.0401   -0.9992
    0.7403    0.6722    0.8370    0.5472    0.0426   -0.9991    0.9361    0.3517   -0.7958    0.6056   -0.0563   -0.9984   -0.7605   -0.6494   -0.0060    1.0000   -0.0384   -0.9993   -0.9928    0.1201    0.8677   -0.4972    0.0206   -0.9998   -0.9602    0.2792    0.8184   -0.5746    0.0094   -1.0000   -0.9514    0.3080   -0.0319   -0.9995   -0.0058   -1.0000   -0.9310    0.3649    0.7862   -0.6180    0.0298   -0.9996
    0.7409    0.6716    0.8425    0.5387   -0.0138   -0.9999    0.9416    0.3366   -0.8078    0.5894   -0.3279   -0.9447   -0.6028   -0.7979    0.0098    1.0000    0.1263   -0.9920   -0.9851    0.1720    0.5008   -0.8656    0.1124   -0.9937   -0.8817   -0.4719    0.7478   -0.6639    0.2495   -0.9684   -0.9234    0.3838    0.4873   -0.8733   -0.0242   -0.9997   -0.9340    0.3573    0.7405   -0.6721   -0.1290   -0.9916
    0.7333    0.6799    0.7820    0.6233    0.0413   -0.9991    0.9446    0.3281   -0.7731    0.6343   -0.1009   -0.9949   -0.7844   -0.6202    0.0526    0.9986   -0.0196   -0.9998   -0.9986    0.0527    0.7620   -0.6476    0.0328   -0.9995   -0.9947    0.1032    0.7165   -0.6976    0.0488   -0.9988   -0.9317    0.3631    0.2868   -0.9580   -0.0369   -0.9993   -0.4722    0.8815   -0.9117    0.4108   -0.0080   -1.0000
    0.8235    0.5673    0.6704    0.7420    0.0285   -0.9996    0.9005    0.4348   -0.5851    0.8109   -0.0344   -0.9994   -0.5829   -0.8126    0.1128    0.9936    0.0384   -0.9993   -0.9998   -0.0223    0.8754   -0.4834    0.0138   -0.9999   -0.9415    0.3369    0.5368   -0.8437    0.0691   -0.9976   -0.9854    0.1701    0.2933   -0.9560   -0.0019   -1.0000   -0.9148    0.4038    0.4542   -0.8909   -0.0203   -0.9998
    0.4958    0.8684   -0.9519    0.3066    0.0073   -1.0000   -0.3724   -0.9281   -0.6614    0.7500    0.0005   -1.0000   -0.7232   -0.6906    0.1292    0.9916    0.0028   -1.0000   -0.9973    0.0733    0.9778   -0.2096   -0.0017   -1.0000   -0.9545    0.2981    0.7308   -0.6826    0.0214   -0.9998   -0.9358    0.3525    0.2333   -0.9724   -0.0101   -0.9999   -0.9922   -0.1248    0.6997   -0.7145    0.0003   -1.0000
    0.7873    0.6166    0.7574    0.6529   -0.0828   -0.9966    0.8582    0.5134   -0.9943    0.1070   -0.2173   -0.9761   -0.9357    0.3527   -0.4609    0.8874   -0.1059   -0.9944   -0.9841    0.1777    0.8433   -0.5374   -0.0047   -1.0000   -1.0000   -0.0001    0.6471   -0.7624   -0.0732   -0.9973   -0.9495   -0.3138    0.7062   -0.7080   -0.0333   -0.9994   -0.2951    0.9555    0.8546   -0.5193    0.0187   -0.9998
    0.6438    0.7652    0.9773    0.2117    0.2336   -0.9723    0.9203    0.3913    0.6604    0.7509   -0.0411   -0.9992    0.8907    0.4546   -0.4869   -0.8735   -0.0919   -0.9958    0.8832    0.4690   -0.8178    0.5755   -0.0882   -0.9961   -0.9929   -0.1190    0.7697   -0.6384   -0.0957   -0.9954   -0.9957   -0.0923    0.6998   -0.7144    0.1036   -0.9946   -0.9813    0.1927   -0.6337    0.7736   -0.1151   -0.9933
    0.7366    0.6763    0.9110    0.4124    0.0421   -0.9991    0.9166    0.3997   -0.7142    0.6999   -0.1410   -0.9900   -0.6557   -0.7550    0.0004    1.0000   -0.1808   -0.9835   -0.9959   -0.0910    0.7159   -0.6982    0.0166   -0.9999   -0.9970   -0.0772    0.8320   -0.5548    0.0464   -0.9989   -0.8730    0.4878    0.4305   -0.9026    0.0670   -0.9978   -0.9214    0.3886    0.7273   -0.6863    0.0140   -0.9999
    0.8712    0.4909    0.6946    0.7194    0.1781   -0.9840    0.9869    0.1616   -0.7554    0.6552   -0.2262   -0.9741   -0.6421   -0.7666   -0.0000    1.0000    0.0277   -0.9996   -0.9997   -0.0240    0.9386   -0.3451   -0.0050   -1.0000   -0.9582    0.2861    0.6418   -0.7669    0.0766   -0.9971   -0.9168    0.3993    0.7462   -0.6657    0.1112   -0.9938   -0.6829    0.7305    0.8329   -0.5534    0.0181   -0.9998
    0.8360   -0.5487   -0.1291    0.9916    0.0179   -0.9998    0.8861   -0.4636   -0.9693   -0.2457   -0.1332   -0.9911   -0.8483    0.5296    0.3264    0.9452    0.2091   -0.9779   -0.6318   -0.7751    0.6136   -0.7896   -0.0649   -0.9979   -0.9990   -0.0447    0.6869   -0.7267    0.0957   -0.9954   -0.8992    0.4375    0.9954   -0.0953   -0.1825   -0.9832   -0.4913    0.8710    0.5813   -0.8137   -0.1989   -0.9800
    0.7031    0.7111    0.8641    0.5032   -0.0985   -0.9951    0.8723    0.4890   -0.7682    0.6402    0.0224   -0.9997   -0.9570   -0.2900   -0.3578    0.9338   -0.3858   -0.9226   -0.9927   -0.1209    0.9726   -0.2323    0.3181   -0.9481   -0.5415    0.8407    0.8188   -0.5741    0.0176   -0.9998   -0.9871   -0.1600    0.1507   -0.9886   -0.1840   -0.9829   -0.8762    0.4819    0.6984   -0.7157   -0.1176   -0.9931
    0.7617    0.6479    0.5091    0.8607    0.0509   -0.9987    0.9365    0.3505   -0.5441    0.8390   -0.0562   -0.9984   -0.7136   -0.7005   -0.1108    0.9938   -0.0243   -0.9997   -0.9934    0.1151    0.8593   -0.5114    0.0490   -0.9988   -0.9617    0.2742    0.6051   -0.7961   -0.0266   -0.9996   -0.9925    0.1221    0.4330   -0.9014    0.0096   -1.0000   -0.8646    0.5025    0.7949   -0.6068    0.0353   -0.9994
   -0.6270   -0.7791    0.9730    0.2310    0.0214   -0.9998    0.9935    0.1138   -0.9453    0.3262   -0.0247   -0.9997   -0.8565   -0.5161   -0.4548    0.8906    0.0068   -1.0000   -0.9450    0.3271    0.9418   -0.3361   -0.0247   -0.9997   -0.9458    0.3249    0.4357   -0.9001    0.0231   -0.9997   -0.9999    0.0168   -0.0450   -0.9990    0.0095   -1.0000   -0.9928   -0.1201    0.5312   -0.8472   -0.0541   -0.9985
    0.8222    0.5693    0.1735    0.9848    0.2141   -0.9768    0.8133   -0.5818   -0.8868    0.4621   -0.0906   -0.9959   -0.7616   -0.6481    0.3818    0.9243   -0.2254   -0.9743   -0.9631   -0.2690    0.9383   -0.3458    0.1064   -0.9943   -0.9885    0.1515    0.5687   -0.8225   -0.1133   -0.9936   -0.9753   -0.2207    0.1087    0.9941    0.2207   -0.9753    1.0000    0.0016   -0.4859    0.8740    0.3167   -0.9485
    0.8159    0.5783    0.7092    0.7050    0.0271   -0.9996    0.9452    0.3266   -0.7153    0.6988   -0.1394   -0.9902   -0.5923   -0.8057    0.1991    0.9800   -0.0069   -1.0000   -0.9845   -0.1753    0.6303   -0.7764    0.0521   -0.9986   -0.9999    0.0165    0.8087   -0.5882    0.1204   -0.9927   -0.9361    0.3518    0.1491   -0.9888    0.0931   -0.9957   -0.8357    0.5492    0.6163   -0.7875    0.0759   -0.9971
END DATA

BEGIN CLUSTABLE
     SEQ NOS 2CL 3CL 4CL 5CL 6CL 7CL 8CL 9CL
     ------- --- --- --- --- --- --- --- --- ----
   1acy   1   1   1   1   1   1   1   1   1   1   1   1   1   1   1   1   1   1   1   1   1   1   1   1   1   1   1   1   1   1   1   1   1   1   1   1   1   1   1   1   1   1   1   1   1   1   1   1
   1baf   2   1   3   3   3   3   3   3   3   3   3   3   3   3   3   3   3   3   3   3   3   3   3   3   3   3   3   3   3   3   3   3   3   3   3   3   3   3   3   3   3   3   3   3   3   3   3   3
   1bbd   3   1   1   1   1   1   1   8   8   8   8   8   8   8   8   8   8   8   8   8   8   8   8   8   8   8   8   8   8   8   8   8   8   8   8   8   8   8   8   8   8   8   8   8   8   8   8   8
   1bbj   4   1   3   3   3   3   3   3   3   3  11  11  11  11  11  11  11  11  11  11  11  11  11  11  11  11  11  11  11  11  11  11  11  11  11  11  11  11  11  11  11  11  11  11  11  11  11  11
   1cgs   5   1   1   1   1   1   1   1   1   1   1   1   1   1  15  15  15  15  15  15  15  15  15  15  15  15  15  15  15  15  15  15  15  15  15  15  15  15  15  15  15  15  15  15  15  15  15  15
   1dbb   6   1   1   1   1   1   1   8   8   8   8  12  12  12  12  12  12  12  12  12  12  12  12  12  12  12  12  12  12  12  12  12  12  12  12  12  12  12  12  12  12  12  12  12  12  12  12  12
   1dfb   7   1   1   1   1   1   1   1   1   1   1   1   1   1  15  15  15  15  15  15  15  15  15  15  15  15  15  28  28  28  28  28  28  28  28  28  28  28  28  28  28  28  28  28  28  28  28  28
   1eap   8   1   1   1   1   1   1   1   1   1   1   1  13  13  13  13  13  13  13  13  13  13  13  13  13  13  13  13  13  13  13  13  13  13  13  13  13  13  13  13  13  13  13  13  13  13  13  13
   1fai   9   1   1   1   1   1   1   8   8   8   8   8   8   8   8   8   8  18  18  18  18  18  18  18  18  18  18  18  18  18  18  18  18  18  18  18  18  18  18  18  18  18  18  18  18  18  18  18
   1fgv  10   1   1   1   1   1   1   1   1   1   1   1   1   1   1   1   1   1   1   1   1   1   1   1   1   1   1   1   1   1   1   1   1   1   1   1   1   1   1   1  41  41  41  41  41  41  41  41
   1fig  11   1   1   1   1   6   6   6   6   6   6   6   6   6   6   6   6   6   6   6   6   6   6   6   6   6   6   6   6   6   6   6   6   6   6   6   6   6   6   6   6   6   6   6   6   6   6   6
   1for  12   1   1   1   1   1   1   8   8   8   8  12  12  14  14  14  14  14  14  14  14  14  14  14  14  14  14  14  14  14  14  14  14  14  14  14  14  14  14  14  14  14  14  14  14  14  14  14
   1frg  13   1   1   1   1   1   1   8   8   8   8  12  12  14  14  14  14  14  19  19  19  19  19  19  19  19  19  19  19  19  19  19  19  19  19  19  19  19  19  19  19  19  19  19  19  19  19  19
   1fvc  14   1   1   1   1   1   1   8   8   8   8  12  12  14  14  14  14  14  19  19  19  19  19  19  19  19  19  19  19  19  19  19  19  19  19  19  19  19  39  39  39  39  39  39  39  39  39  39
   1fvd  15   1   1   1   1   1   1   8   8   8   8   8   8   8   8   8   8  18  18  18  21  21  21  21  21  21  21  21  21  21  21  21  21  21  21  21  21  21  21  21  21  21  21  21  21  21  21  21
   1gig  16   1   3   3   3   3   3   3   3   3   3   3   3   3   3   3   3   3   3   3   3   3   3   3   3   3   3   3   3   3   3   3   3   3   3  36  36  36  36  36  36  36  36  36  36  36  36  36
   1hil  17   1   1   1   1   1   1   8   8   8   8  12  12  14  14  14  14  14  19  19  19  19  19  19  19  19  19  19  29  29  29  29  29  29  29  29  29  29  29  29  29  29  29  29  29  29  29  29
   1ibg  18   1   1   1   1   1   1   8   8   8   8   8   8   8   8   8   8  18  18  18  18  18  18  18  18  18  18  18  18  18  18  18  18  18  35  35  35  35  35  35  35  35  35  35  35  35  35  35
   1igc  19   2   2   2   2   2   2   2   2   2   2   2   2   2   2   2   2   2   2   2   2   2   2   2   2   2   2   2   2   2   2   2   2   2   2   2   2   2   2   2   2   2   2   2   2   2   2   2
   1igf  20   1   1   1   1   1   1   1   1   1   1   1   1   1   1   1   1   1   1   1   1   1   1   1   1   1  27  27  27  27  27  27  27  27  27  27  27  27  27  27  27  27  27  27  27  27  27  27
   1igi  21   1   1   1   1   1   1   8   8   8   8  12  12  14  14  14  14  14  14  14  14  14  14  14  14  14  14  14  14  14  14  14  33  33  33  33  33  33  33  33  33  33  33  33  33  33  33  33
   1igm  22   1   1   1   1   1   1   1   1   1   1   1   1   1   1   1   1   1   1   1   1   1   1   1   1   1  27  27  27  27  27  27  27  27  27  27  27  38  38  38  38  38  38  38  38  38  38  38
   1ikf  23   1   1   1   1   1   1   1   1   1   1   1  13  13  13  13  13  13  13  13  13  13  13  24  24  24  24  24  24  24  24  24  24  24  24  24  24  24  24  24  24  24  24  24  24  24  24  24
   1ind  24   1   1   1   1   1   1   8   9   9   9   9   9   9   9   9   9   9   9   9   9   9   9   9   9   9   9   9   9   9   9   9   9   9   9   9   9   9   9   9   9   9   9   9   9   9   9   9
   1jhl  25   1   1   1   1   1   1   1   1   1   1   1   1   1   1   1   1   1   1   1   1   1  23  23  23  23  23  23  23  23  23  23  23  23  23  23  23  23  23  23  23  23  23  23  23  23  23  23
   1mam  26   1   1   1   1   1   1   8   9   9   9   9   9   9   9   9   9   9   9   9   9   9   9   9   9   9   9   9   9   9   9   9   9   9   9   9   9   9   9  40  40  40  40  40  40  40  40  40
   1mcp  27   2   2   2   2   2   2   2   2   2   2   2   2   2   2   2   2   2   2  20  20  20  20  20  20  20  20  20  20  20  20  20  20  20  20  20  20  20  20  20  20  20  20  20  20  20  20  20
   1mfa  28   1   1   1   1   1   1   8   8   8   8  12  12  14  14  14  14  14  14  14  14  14  14  14  14  14  14  14  14  14  14  14  33  33  33  33  33  33  33  33  33  42  42  42  42  42  42  42
   1mlb  29   1   1   1   1   1   1   8   8   8   8   8   8   8   8   8   8   8   8   8   8  22  22  22  22  22  22  22  22  22  22  22  22  22  22  22  22  22  22  22  22  22  22  22  22  22  22  22
   1nbv  30   1   1   1   1   1   1   8   8   8   8   8   8   8   8   8   8  18  18  18  21  21  21  21  21  21  21  21  21  21  21  21  21  21  21  21  37  37  37  37  37  37  37  37  37  37  37  37
   1rmf  31   2   2   2   2   2   2   2   2   2   2   2   2   2   2   2   2   2   2   2   2   2   2   2   2   2   2   2   2   2  31  31  31  31  31  31  31  31  31  31  31  31  31  31  31  31  31  31
   1tet  32   1   1   1   1   1   1   8   8   8   8  12  12  14  14  14  14  14  14  14  14  14  14  14  14  14  14  14  14  14  14  14  14  14  14  14  14  14  14  14  14  14  14  14  45  45  45  45
   1vfa  33   1   1   1   1   1   1   1   1   1   1   1   1   1   1   1   1   1   1   1   1   1   1   1   1   1   1   1   1   1   1   1   1   1   1   1   1   1   1   1  41  41  41  41  41  41  47  47
   2cgr  34   1   1   1   1   1   1   8   8   8   8  12  12  14  14  14  14  14  14  14  14  14  14  14  14  14  14  14  14  14  14  14  14  14  14  14  14  14  14  14  14  14  14  14  14  46  46  46
   2fb4  35   1   1   1   1   1   1   8   8   8   8   8   8   8   8   8   8   8   8   8   8   8   8   8   8  26  26  26  26  26  26  26  26  26  26  26  26  26  26  26  26  26  26  26  26  26  26  26
   2fbj  36   1   3   3   3   3   3   3   3   3   3   3   3   3   3   3   3   3   3   3   3   3   3   3   3   3   3   3   3   3   3   3   3  34  34  34  34  34  34  34  34  34  34  34  34  34  34  34
   2gfb  37   1   1   1   1   1   1   8   8   8   8  12  12  14  14  14  14  14  19  19  19  19  19  19  19  19  19  19  29  29  29  29  29  29  29  29  29  29  29  29  29  29  29  29  29  29  29  48
   3hfm  38   2   2   2   2   2   2   2   2  10  10  10  10  10  10  10  10  10  10  10  10  10  10  10  10  10  10  10  10  10  10  10  10  10  10  10  10  10  10  10  10  10  10  10  10  10  10  10
   4fab  39   1   1   1   1   1   1   1   1   1   1   1  13  13  13  16  16  16  16  16  16  16  16  16  16  16  16  16  16  16  16  16  16  16  16  16  16  16  16  16  16  16  16  16  16  16  16  16
   6fab  40   1   3   4   4   4   4   4   4   4   4   4   4   4   4   4   4   4   4   4   4   4   4   4   4   4   4   4   4   4   4   4   4   4   4   4   4   4   4   4   4   4   4   4   4   4   4   4
   8fab  41   1   1   1   1   1   1   8   8   8   8   8   8   8   8   8   8   8   8   8   8   8   8   8   8  26  26  26  26  26  26  32  32  32  32  32  32  32  32  32  32  32  32  32  32  32  32  32
   1ivl  42   1   1   1   1   1   1   8   8   8   8   8   8   8   8   8   8  18  18  18  18  18  18  18  18  18  18  18  18  30  30  30  30  30  30  30  30  30  30  30  30  30  30  30  30  30  30  30
   1mcw  43   1   3   3   5   5   5   5   5   5   5   5   5   5   5   5   5   5   5   5   5   5   5   5   5   5   5   5   5   5   5   5   5   5   5   5   5   5   5   5   5   5   5   5   5   5   5   5
   1rei  44   1   1   1   1   1   1   1   1   1   1   1  13  13  13  13  13  13  13  13  13  13  13  24  25  25  25  25  25  25  25  25  25  25  25  25  25  25  25  25  25  25  25  25  25  25  25  25
   1wtl  45   1   1   1   1   1   1   8   8   8   8  12  12  14  14  14  14  14  19  19  19  19  19  19  19  19  19  19  29  29  29  29  29  29  29  29  29  29  29  29  29  29  29  44  44  44  44  44
   4bjl  46   1   1   1   1   6   6   6   6   6   6   6   6   6   6   6  17  17  17  17  17  17  17  17  17  17  17  17  17  17  17  17  17  17  17  17  17  17  17  17  17  17  17  17  17  17  17  17
   2mcg  47   1   3   3   5   5   7   7   7   7   7   7   7   7   7   7   7   7   7   7   7   7   7   7   7   7   7   7   7   7   7   7   7   7   7   7   7   7   7   7   7   7   7   7   7   7   7   7
   2rhe  48   1   1   1   1   1   1   8   8   8   8   8   8   8   8   8   8   8   8   8   8   8   8   8   8  26  26  26  26  26  26  32  32  32  32  32  32  32  32  32  32  32  43  43  43  43  43  43
END CLUSTABLE

BEGIN DENDOGRAM
                           -                                                                                                                                             
                           |                                                                                                                                             
                           |                                                                                                                                             
                 0.61      |------------------------------------------------------------------------------------------------------------------------------------         
                           |                                                                                                                                   |         
                           |                                                                                                                                   |         
                 0.55      |---------------------------------------------------------------------------------------------------------------                    |         
                           |                                                                                                              |                    |         
                           |                                                                                                              |                    |         
                 0.37      |                                                                                                              |------------------  |         
                           |                                                                                                              |                 |  |         
                           |                                                                                                              |                 |  |         
                 0.23      |                                                                                                              |------------     |  |         
                           |                                                                                                              |           |     |  |         
                           |                                                                                                              |           |     |  |         
                 0.23      |---------------------------------------------------------------------------------------------------------     |           |     |  |         
                           |                                                                                                        |     |           |     |  |         
                           |                                                                                                        |     |           |     |  |         
                 0.17      |                                                                                                        |     |           |---  |  |         
                           |                                                                                                        |     |           |  |  |  |         
                           |                                                                                                        |     |           |  |  |  |         
                 0.13      |------------------------------------                                                                    |     |           |  |  |  |         
                           |                                   |                                                                    |     |           |  |  |  |         
                           |                                   |                                                                    |     |           |  |  |  |         
                0.087      |                                   |---------------------------------------------------------------     |     |           |  |  |  |         
                           |                                   |                                                              |     |     |           |  |  |  |         
                           |                                   |                                                              |     |     |           |  |  |  |         
                0.063      |                                   |                                                              |     |     |           |  |  |  |---------
                           |                                   |                                                              |     |     |           |  |  |  |        |
                           |                                   |                                                              |     |     |           |  |  |  |        |
                0.059      |                                   |                                                              |     |     |---------  |  |  |  |        |
                           |                                   |                                                              |     |     |        |  |  |  |  |        |
                           |                                   |                                                              |     |     |        |  |  |  |  |        |
                0.057      |                                   |------------------------------                                |     |     |        |  |  |  |  |        |
                           |                                   |                             |                                |     |     |        |  |  |  |  |        |
                           |                                   |                             |                                |     |     |        |  |  |  |  |        |
                 0.05      |------------------------           |                             |                                |     |     |        |  |  |  |  |        |
                           |                       |           |                             |                                |     |     |        |  |  |  |  |        |
                           |                       |           |                             |                                |     |     |        |  |  |  |  |        |
                0.045      |                       |           |                             |---                             |     |     |        |  |  |  |  |        |
                           |                       |           |                             |  |                             |     |     |        |  |  |  |  |        |
                           |                       |           |                             |  |                             |     |     |        |  |  |  |  |        |
                0.044      |------------------     |           |                             |  |                             |     |     |        |  |  |  |  |        |
                           |                 |     |           |                             |  |                             |     |     |        |  |  |  |  |        |
                           |                 |     |           |                             |  |                             |     |     |        |  |  |  |  |        |
                0.042      |                 |     |---------  |                             |  |                             |     |     |        |  |  |  |  |        |
                           |                 |     |        |  |                             |  |                             |     |     |        |  |  |  |  |        |
                           |                 |     |        |  |                             |  |                             |     |     |        |  |  |  |  |        |
                0.037      |                 |     |        |  |                             |  |                             |     |---  |        |  |  |  |  |        |
                           |                 |     |        |  |                             |  |                             |     |  |  |        |  |  |  |  |        |
                           |                 |     |        |  |                             |  |                             |     |  |  |        |  |  |  |  |        |
                0.033      |                 |     |        |  |---------------              |  |                             |     |  |  |        |  |  |  |  |        |
                           |                 |     |        |  |              |              |  |                             |     |  |  |        |  |  |  |  |        |
                           |                 |     |        |  |              |              |  |                             |     |  |  |        |  |  |  |  |        |
                0.028      |                 |     |        |  |              |              |  |---------------              |     |  |  |        |  |  |  |  |        |
                           |                 |     |        |  |              |              |  |              |              |     |  |  |        |  |  |  |  |        |
                           |                 |     |        |  |              |              |  |              |              |     |  |  |        |  |  |  |  |        |
                0.026      |                 |     |        |  |              |              |  |              |              |     |  |  |        |  |  |  |  |------  |
                           |                 |     |        |  |              |              |  |              |              |     |  |  |        |  |  |  |  |     |  |
                           |                 |     |        |  |              |              |  |              |              |     |  |  |        |  |  |  |  |     |  |
                0.018      |                 |     |        |  |              |---------     |  |              |              |     |  |  |        |  |  |  |  |     |  |
                           |                 |     |        |  |              |        |     |  |              |              |     |  |  |        |  |  |  |  |     |  |
                           |                 |     |        |  |              |        |     |  |              |              |     |  |  |        |  |  |  |  |     |  |
                0.018      |                 |     |        |  |------------  |        |     |  |              |              |     |  |  |        |  |  |  |  |     |  |
                           |                 |     |        |  |           |  |        |     |  |              |              |     |  |  |        |  |  |  |  |     |  |
                           |                 |     |        |  |           |  |        |     |  |              |              |     |  |  |        |  |  |  |  |     |  |
                0.018      |---------------  |     |        |  |           |  |        |     |  |              |              |     |  |  |        |  |  |  |  |     |  |
                           |              |  |     |        |  |           |  |        |     |  |              |              |     |  |  |        |  |  |  |  |     |  |
                           |              |  |     |        |  |           |  |        |     |  |              |              |     |  |  |        |  |  |  |  |     |  |
                0.018      |              |  |     |---     |  |           |  |        |     |  |              |              |     |  |  |        |  |  |  |  |     |  |
                           |              |  |     |  |     |  |           |  |        |     |  |              |              |     |  |  |        |  |  |  |  |     |  |
                           |              |  |     |  |     |  |           |  |        |     |  |              |              |     |  |  |        |  |  |  |  |     |  |
                0.016      |              |  |     |  |---  |  |           |  |        |     |  |              |              |     |  |  |        |  |  |  |  |     |  |
                           |              |  |     |  |  |  |  |           |  |        |     |  |              |              |     |  |  |        |  |  |  |  |     |  |
                           |              |  |     |  |  |  |  |           |  |        |     |  |              |              |     |  |  |        |  |  |  |  |     |  |
                0.016      |              |  |     |  |  |  |  |---        |  |        |     |  |              |              |     |  |  |        |  |  |  |  |     |  |
                           |              |  |     |  |  |  |  |  |        |  |        |     |  |              |              |     |  |  |        |  |  |  |  |     |  |
                           |              |  |     |  |  |  |  |  |        |  |        |     |  |              |              |     |  |  |        |  |  |  |  |     |  |
                0.014      |---------     |  |     |  |  |  |  |  |        |  |        |     |  |              |              |     |  |  |        |  |  |  |  |     |  |
                           |        |     |  |     |  |  |  |  |  |        |  |        |     |  |              |              |     |  |  |        |  |  |  |  |     |  |
                           |        |     |  |     |  |  |  |  |  |        |  |        |     |  |              |              |     |  |  |        |  |  |  |  |     |  |
                0.014      |        |     |  |---  |  |  |  |  |  |        |  |        |     |  |              |              |     |  |  |        |  |  |  |  |     |  |
                           |        |     |  |  |  |  |  |  |  |  |        |  |        |     |  |              |              |     |  |  |        |  |  |  |  |     |  |
                           |        |     |  |  |  |  |  |  |  |  |        |  |        |     |  |              |              |     |  |  |        |  |  |  |  |     |  |
                0.013      |        |     |  |  |  |  |  |  |  |  |        |  |        |     |  |              |------        |     |  |  |        |  |  |  |  |     |  |
                           |        |     |  |  |  |  |  |  |  |  |        |  |        |     |  |              |     |        |     |  |  |        |  |  |  |  |     |  |
                           |        |     |  |  |  |  |  |  |  |  |        |  |        |     |  |              |     |        |     |  |  |        |  |  |  |  |     |  |
                0.013      |        |     |  |  |  |  |  |  |  |  |        |  |------  |     |  |              |     |        |     |  |  |        |  |  |  |  |     |  |
                           |        |     |  |  |  |  |  |  |  |  |        |  |     |  |     |  |              |     |        |     |  |  |        |  |  |  |  |     |  |
                           |        |     |  |  |  |  |  |  |  |  |        |  |     |  |     |  |              |     |        |     |  |  |        |  |  |  |  |     |  |
                0.012      |        |     |  |  |  |  |  |  |  |  |        |  |     |  |     |  |              |     |        |     |  |  |        |  |  |  |  |---  |  |
                           |        |     |  |  |  |  |  |  |  |  |        |  |     |  |     |  |              |     |        |     |  |  |        |  |  |  |  |  |  |  |
                           |        |     |  |  |  |  |  |  |  |  |        |  |     |  |     |  |              |     |        |     |  |  |        |  |  |  |  |  |  |  |
                 0.01      |        |     |  |  |  |  |  |  |  |  |---     |  |     |  |     |  |              |     |        |     |  |  |        |  |  |  |  |  |  |  |
                           |        |     |  |  |  |  |  |  |  |  |  |     |  |     |  |     |  |              |     |        |     |  |  |        |  |  |  |  |  |  |  |
                           |        |     |  |  |  |  |  |  |  |  |  |     |  |     |  |     |  |              |     |        |     |  |  |        |  |  |  |  |  |  |  |
               0.0097      |        |     |  |  |  |  |  |  |  |  |  |     |  |     |  |     |  |---------     |     |        |     |  |  |        |  |  |  |  |  |  |  |
                           |        |     |  |  |  |  |  |  |  |  |  |     |  |     |  |     |  |        |     |     |        |     |  |  |        |  |  |  |  |  |  |  |
                           |        |     |  |  |  |  |  |  |  |  |  |     |  |     |  |     |  |        |     |     |        |     |  |  |        |  |  |  |  |  |  |  |
               0.0096      |        |     |  |  |  |  |  |  |  |  |  |     |  |     |  |     |  |        |     |     |        |     |  |  |------  |  |  |  |  |  |  |  |
                           |        |     |  |  |  |  |  |  |  |  |  |     |  |     |  |     |  |        |     |     |        |     |  |  |     |  |  |  |  |  |  |  |  |
                           |        |     |  |  |  |  |  |  |  |  |  |     |  |     |  |     |  |        |     |     |        |     |  |  |     |  |  |  |  |  |  |  |  |
               0.0088      |        |     |  |  |  |  |  |  |  |  |  |     |  |---  |  |     |  |        |     |     |        |     |  |  |     |  |  |  |  |  |  |  |  |
                           |        |     |  |  |  |  |  |  |  |  |  |     |  |  |  |  |     |  |        |     |     |        |     |  |  |     |  |  |  |  |  |  |  |  |
                           |        |     |  |  |  |  |  |  |  |  |  |     |  |  |  |  |     |  |        |     |     |        |     |  |  |     |  |  |  |  |  |  |  |  |
               0.0083      |        |     |  |  |  |  |  |  |  |  |  |     |  |  |  |  |     |  |        |     |     |        |     |  |  |---  |  |  |  |  |  |  |  |  |
                           |        |     |  |  |  |  |  |  |  |  |  |     |  |  |  |  |     |  |        |     |     |        |     |  |  |  |  |  |  |  |  |  |  |  |  |
                           |        |     |  |  |  |  |  |  |  |  |  |     |  |  |  |  |     |  |        |     |     |        |     |  |  |  |  |  |  |  |  |  |  |  |  |
               0.0079      |        |     |  |  |  |  |  |  |  |  |  |     |  |  |  |  |---  |  |        |     |     |        |     |  |  |  |  |  |  |  |  |  |  |  |  |
                           |        |     |  |  |  |  |  |  |  |  |  |     |  |  |  |  |  |  |  |        |     |     |        |     |  |  |  |  |  |  |  |  |  |  |  |  |
                           |        |     |  |  |  |  |  |  |  |  |  |     |  |  |  |  |  |  |  |        |     |     |        |     |  |  |  |  |  |  |  |  |  |  |  |  |
               0.0077      |        |---  |  |  |  |  |  |  |  |  |  |     |  |  |  |  |  |  |  |        |     |     |        |     |  |  |  |  |  |  |  |  |  |  |  |  |
                           |        |  |  |  |  |  |  |  |  |  |  |  |     |  |  |  |  |  |  |  |        |     |     |        |     |  |  |  |  |  |  |  |  |  |  |  |  |
                           |        |  |  |  |  |  |  |  |  |  |  |  |     |  |  |  |  |  |  |  |        |     |     |        |     |  |  |  |  |  |  |  |  |  |  |  |  |
               0.0076      |        |  |  |  |  |  |  |  |  |  |  |  |     |  |  |  |  |  |  |  |        |     |---  |        |     |  |  |  |  |  |  |  |  |  |  |  |  |
                           |        |  |  |  |  |  |  |  |  |  |  |  |     |  |  |  |  |  |  |  |        |     |  |  |        |     |  |  |  |  |  |  |  |  |  |  |  |  |
                           |        |  |  |  |  |  |  |  |  |  |  |  |     |  |  |  |  |  |  |  |        |     |  |  |        |     |  |  |  |  |  |  |  |  |  |  |  |  |
               0.0066      |        |  |  |  |  |  |  |  |  |  |  |  |     |  |  |  |  |  |  |  |        |     |  |  |        |---  |  |  |  |  |  |  |  |  |  |  |  |  |
                           |        |  |  |  |  |  |  |  |  |  |  |  |     |  |  |  |  |  |  |  |        |     |  |  |        |  |  |  |  |  |  |  |  |  |  |  |  |  |  |
                           |        |  |  |  |  |  |  |  |  |  |  |  |     |  |  |  |  |  |  |  |        |     |  |  |        |  |  |  |  |  |  |  |  |  |  |  |  |  |  |
               0.0056      |---     |  |  |  |  |  |  |  |  |  |  |  |     |  |  |  |  |  |  |  |        |     |  |  |        |  |  |  |  |  |  |  |  |  |  |  |  |  |  |
                           |  |     |  |  |  |  |  |  |  |  |  |  |  |     |  |  |  |  |  |  |  |        |     |  |  |        |  |  |  |  |  |  |  |  |  |  |  |  |  |  |
                           |  |     |  |  |  |  |  |  |  |  |  |  |  |     |  |  |  |  |  |  |  |        |     |  |  |        |  |  |  |  |  |  |  |  |  |  |  |  |  |  |
               0.0056      |  |     |  |  |  |  |  |  |  |  |  |  |  |     |  |  |  |  |  |  |  |        |---  |  |  |        |  |  |  |  |  |  |  |  |  |  |  |  |  |  |
                           |  |     |  |  |  |  |  |  |  |  |  |  |  |     |  |  |  |  |  |  |  |        |  |  |  |  |        |  |  |  |  |  |  |  |  |  |  |  |  |  |  |
                           |  |     |  |  |  |  |  |  |  |  |  |  |  |     |  |  |  |  |  |  |  |        |  |  |  |  |        |  |  |  |  |  |  |  |  |  |  |  |  |  |  |
               0.0052      |  |     |  |  |  |  |  |  |  |  |  |  |  |---  |  |  |  |  |  |  |  |        |  |  |  |  |        |  |  |  |  |  |  |  |  |  |  |  |  |  |  |
                           |  |     |  |  |  |  |  |  |  |  |  |  |  |  |  |  |  |  |  |  |  |  |        |  |  |  |  |        |  |  |  |  |  |  |  |  |  |  |  |  |  |  |
                           |  |     |  |  |  |  |  |  |  |  |  |  |  |  |  |  |  |  |  |  |  |  |        |  |  |  |  |        |  |  |  |  |  |  |  |  |  |  |  |  |  |  |
               0.0049      |  |     |  |  |  |  |  |  |  |  |  |  |  |  |  |  |  |  |  |  |  |  |        |  |  |  |  |------  |  |  |  |  |  |  |  |  |  |  |  |  |  |  |
                           |  |     |  |  |  |  |  |  |  |  |  |  |  |  |  |  |  |  |  |  |  |  |        |  |  |  |  |     |  |  |  |  |  |  |  |  |  |  |  |  |  |  |  |
                           |  |     |  |  |  |  |  |  |  |  |  |  |  |  |  |  |  |  |  |  |  |  |        |  |  |  |  |     |  |  |  |  |  |  |  |  |  |  |  |  |  |  |  |
               0.0041      |  |     |  |  |  |  |  |  |  |  |  |  |  |  |  |  |  |  |  |  |  |  |------  |  |  |  |  |     |  |  |  |  |  |  |  |  |  |  |  |  |  |  |  |
                           |  |     |  |  |  |  |  |  |  |  |  |  |  |  |  |  |  |  |  |  |  |  |     |  |  |  |  |  |     |  |  |  |  |  |  |  |  |  |  |  |  |  |  |  |
                           |  |     |  |  |  |  |  |  |  |  |  |  |  |  |  |  |  |  |  |  |  |  |     |  |  |  |  |  |     |  |  |  |  |  |  |  |  |  |  |  |  |  |  |  |
               0.0029      |  |     |  |  |  |  |  |  |  |  |  |  |  |  |  |  |  |  |  |  |  |  |---  |  |  |  |  |  |     |  |  |  |  |  |  |  |  |  |  |  |  |  |  |  |
                           |  |     |  |  |  |  |  |  |  |  |  |  |  |  |  |  |  |  |  |  |  |  |  |  |  |  |  |  |  |     |  |  |  |  |  |  |  |  |  |  |  |  |  |  |  |
                           |  |     |  |  |  |  |  |  |  |  |  |  |  |  |  |  |  |  |  |  |  |  |  |  |  |  |  |  |  |     |  |  |  |  |  |  |  |  |  |  |  |  |  |  |  |
               0.0028      |  |---  |  |  |  |  |  |  |  |  |  |  |  |  |  |  |  |  |  |  |  |  |  |  |  |  |  |  |  |     |  |  |  |  |  |  |  |  |  |  |  |  |  |  |  |
                           |  |  |  |  |  |  |  |  |  |  |  |  |  |  |  |  |  |  |  |  |  |  |  |  |  |  |  |  |  |  |     |  |  |  |  |  |  |  |  |  |  |  |  |  |  |  |
                           |  |  |  |  |  |  |  |  |  |  |  |  |  |  |  |  |  |  |  |  |  |  |  |  |  |  |  |  |  |  |     |  |  |  |  |  |  |  |  |  |  |  |  |  |  |  |
                0.002      |  |  |  |  |  |  |  |  |  |  |  |  |  |  |  |  |  |  |  |  |  |  |  |  |  |  |  |  |  |  |---  |  |  |  |  |  |  |  |  |  |  |  |  |  |  |  |
                           |  |  |  |  |  |  |  |  |  |  |  |  |  |  |  |  |  |  |  |  |  |  |  |  |  |  |  |  |  |  |  |  |  |  |  |  |  |  |  |  |  |  |  |  |  |  |  |
                           |  |  |  |  |  |  |  |  |  |  |  |  |  |  |  |  |  |  |  |  |  |  |  |  |  |  |  |  |  |  |  |  |  |  |  |  |  |  |  |  |  |  |  |  |  |  |  |

                           1 41 47 27 38 23 15 28 13 24 25 16  8 26 32 43 22 18 35 30 21 37 12 14 46 45 33 42 19 39 29 48 44  9 40  6 17  3 36 34 11  5  7  4  2 31 20 10

              CRITERION        CLUSTERS 1 TO LEV
              VALUES.      (TOP LEV-1 LEVELS OF HIERARCHY).
END DENDOGRAM

BEGIN RAWASSIGNMENTS
  1 data/pdb1acy.ent-L50-L56
  3 data/pdb1baf.ent-L50-L56
  8 data/pdb1bbd.ent-L50-L56
  3 data/pdb1bbj.ent-L50-L56
  1 data/pdb1cgs.ent-L50-L56
  8 data/pdb1dbb.ent-L50-L56
  1 data/pdb1dfb.ent-L50-L56
  1 data/pdb1eap.ent-L50-L56
  8 data/pdb1fai.ent-L50-L56
  1 data/pdb1fgv.ent-L50-L56
  6 data/pdb1fig.ent-L50-L56
  8 data/pdb1for.ent-L50-L56
  8 data/pdb1frg.ent-L50-L56
  8 data/pdb1fvc.ent-L50-L56
  8 data/pdb1fvd.ent-L50-L56
  3 data/pdb1gig.ent-L50-L56
  8 data/pdb1hil.ent-L50-L56
  8 data/pdb1ibg.ent-L50-L56
  2 data/pdb1igc.ent-L50-L56
  1 data/pdb1igf.ent-L50-L56
  8 data/pdb1igi.ent-L50-L56
  1 data/pdb1igm.ent-L50-L56
  1 data/pdb1ikf.ent-L50-L56
  9 data/pdb1ind.ent-L50-L56
  1 data/pdb1jhl.ent-L50-L56
  9 data/pdb1mam.ent-L50-L56
  2 data/pdb1mcp.ent-L50-L56
  8 data/pdb1mfa.ent-L50-L56
  8 data/pdb1mlb.ent-L50-L56
  8 data/pdb1nbv.ent-L50-L56
  2 data/pdb1rmf.ent-L50-L56
  8 data/pdb1tet.ent-L50-L56
  1 data/pdb1vfa.ent-L50-L56
  8 data/pdb2cgr.ent-L50-L56
  8 data/pdb2fb4.ent-L50-L56
  3 data/pdb2fbj.ent-L50-L56
  8 data/pdb2gfb.ent-L50-L56
 10 data/pdb3hfm.ent-L50-L56
  1 data/pdb4fab.ent-L50-L56
  4 data/pdb6fab.ent-L50-L56
  8 data/pdb8fab.ent-L50-L56
  8 data/pdb1ivl.ent-L50-L56
  5 data/pdb1mcw.ent-L50-L56
  1 data/pdb1rei.ent-L50-L56
  8 data/pdb1wtl.ent-L50-L56
  6 data/pdb4bjl.ent-L50-L56
  7 data/pdb2mcg.ent-L50-L56
  8 data/pdb2rhe.ent-L50-L56
END RAWASSIGNMENTS

BEGIN RAWMEDIANS 10
  1 data/pdb1vfa.ent-L50-L56
  2 data/pdb1igc.ent-L50-L56
  3 data/pdb2fbj.ent-L50-L56
  4 data/pdb6fab.ent-L50-L56
  5 data/pdb1mcw.ent-L50-L56
  6 data/pdb1fig.ent-L50-L56
  7 data/pdb2mcg.ent-L50-L56
  8 data/pdb1frg.ent-L50-L56
  9 data/pdb1ind.ent-L50-L56
 10 data/pdb3hfm.ent-L50-L56
END RAWMEDIANS

BEGIN POSTCLUSTER
MERGED cluster 1 (data/pdb1vfa.ent-L50-L56) with 2 (data/pdb1igc.ent-L50-L56), rmsd = 0.436294, max CA deviation = 0.727029, max CB deviation = 1.105355
MERGED cluster 1 (data/pdb1vfa.ent-L50-L56) with 3 (data/pdb2fbj.ent-L50-L56), rmsd = 0.255983, max CA deviation = 0.384491, max CB deviation = 0.965601
MERGED cluster 1 (data/pdb1vfa.ent-L50-L56) with 6 (data/pdb1fig.ent-L50-L56), rmsd = 0.651209, max CA deviation = 1.171829, max CB deviation = 1.397344
MERGED cluster 1 (data/pdb1vfa.ent-L50-L56) with 7 (data/pdb2mcg.ent-L50-L56), rmsd = 0.606406, max CA deviation = 0.949857, max CB deviation = 1.499853
MERGED cluster 1 (data/pdb1vfa.ent-L50-L56) with 8 (data/pdb1frg.ent-L50-L56), rmsd = 0.200379, max CA deviation = 0.284073, max CB deviation = 0.735375
MERGED cluster 1 (data/pdb1vfa.ent-L50-L56) with 9 (data/pdb1ind.ent-L50-L56), rmsd = 0.220036, max CA deviation = 0.334099, max CB deviation = 0.782055
MERGED cluster 1 (data/pdb1vfa.ent-L50-L56) with 10 (data/pdb3hfm.ent-L50-L56), rmsd = 0.365497, max CA deviation = 0.538328, max CB deviation = 1.174190
MERGED cluster 2 (data/pdb1igc.ent-L50-L56) with 3 (data/pdb2fbj.ent-L50-L56), rmsd = 0.279922, max CA deviation = 0.462685, max CB deviation = 1.003766
MERGED cluster 2 (data/pdb1igc.ent-L50-L56) with 6 (data/pdb1fig.ent-L50-L56), rmsd = 0.604036, max CA deviation = 0.974074, max CB deviation = 1.522183
MERGED cluster 2 (data/pdb1igc.ent-L50-L56) with 8 (data/pdb1frg.ent-L50-L56), rmsd = 0.442694, max CA deviation = 0.742229, max CB deviation = 1.572591
MERGED cluster 2 (data/pdb1igc.ent-L50-L56) with 9 (data/pdb1ind.ent-L50-L56), rmsd = 0.531366, max CA deviation = 0.968675, max CB deviation = 1.587501
MERGED cluster 3 (data/pdb2fbj.ent-L50-L56) with 6 (data/pdb1fig.ent-L50-L56), rmsd = 0.609193, max CA deviation = 1.038216, max CB deviation = 1.469525
MERGED cluster 3 (data/pdb2fbj.ent-L50-L56) with 8 (data/pdb1frg.ent-L50-L56), rmsd = 0.296413, max CA deviation = 0.469411, max CB deviation = 1.577529
MERGED cluster 3 (data/pdb2fbj.ent-L50-L56) with 9 (data/pdb1ind.ent-L50-L56), rmsd = 0.351643, max CA deviation = 0.613577, max CB deviation = 1.599594
MERGED cluster 5 (data/pdb1mcw.ent-L50-L56) with 8 (data/pdb1frg.ent-L50-L56), rmsd = 0.884207, max CA deviation = 1.122592, max CB deviation = 1.397267
MERGED cluster 5 (data/pdb1mcw.ent-L50-L56) with 9 (data/pdb1ind.ent-L50-L56), rmsd = 0.837614, max CA deviation = 1.273884, max CB deviation = 1.709633
MERGED cluster 5 (data/pdb1mcw.ent-L50-L56) with 10 (data/pdb3hfm.ent-L50-L56), rmsd = 0.808388, max CA deviation = 1.009316, max CB deviation = 1.782538
MERGED cluster 6 (data/pdb1fig.ent-L50-L56) with 8 (data/pdb1frg.ent-L50-L56), rmsd = 0.629210, max CA deviation = 1.111204, max CB deviation = 1.312052
MERGED cluster 6 (data/pdb1fig.ent-L50-L56) with 9 (data/pdb1ind.ent-L50-L56), rmsd = 0.681972, max CA deviation = 1.130138, max CB deviation = 1.542643
MERGED cluster 6 (data/pdb1fig.ent-L50-L56) with 10 (data/pdb3hfm.ent-L50-L56), rmsd = 0.619747, max CA deviation = 1.107273, max CB deviation = 1.445690
MERGED cluster 7 (data/pdb2mcg.ent-L50-L56) with 8 (data/pdb1frg.ent-L50-L56), rmsd = 0.600350, max CA deviation = 0.811929, max CB deviation = 1.352199
MERGED cluster 7 (data/pdb2mcg.ent-L50-L56) with 9 (data/pdb1ind.ent-L50-L56), rmsd = 0.537689, max CA deviation = 0.776868, max CB deviation = 1.215215
MERGED cluster 7 (data/pdb2mcg.ent-L50-L56) with 10 (data/pdb3hfm.ent-L50-L56), rmsd = 0.434948, max CA deviation = 0.646113, max CB deviation = 0.899614
MERGED cluster 8 (data/pdb1frg.ent-L50-L56) with 9 (data/pdb1ind.ent-L50-L56), rmsd = 0.255229, max CA deviation = 0.347571, max CB deviation = 0.609589
MERGED cluster 8 (data/pdb1frg.ent-L50-L56) with 10 (data/pdb3hfm.ent-L50-L56), rmsd = 0.336802, max CA deviation = 0.486138, max CB deviation = 0.736933
MERGED cluster 9 (data/pdb1ind.ent-L50-L56) with 10 (data/pdb3hfm.ent-L50-L56), rmsd = 0.358256, max CA deviation = 0.492767, max CB deviation = 0.869814
END POSTCLUSTER

BEGIN ASSIGNMENTS
  1 data/pdb1acy.ent-L50-L56
  1 data/pdb1baf.ent-L50-L56
  1 data/pdb1bbd.ent-L50-L56
  1 data/pdb1bbj.ent-L50-L56
  1 data/pdb1cgs.ent-L50-L56
  1 data/pdb1dbb.ent-L50-L56
  1 data/pdb1dfb.ent-L50-L56
  1 data/pdb1eap.ent-L50-L56
  1 data/pdb1fai.ent-L50-L56
  1 data/pdb1fgv.ent-L50-L56
  1 data/pdb1fig.ent-L50-L56
  1 data/pdb1for.ent-L50-L56
  1 data/pdb1frg.ent-L50-L56
  1 data/pdb1fvc.ent-L50-L56
  1 data/pdb1fvd.ent-L50-L56
  1 data/pdb1gig.ent-L50-L56
  1 data/pdb1hil.ent-L50-L56
  1 data/pdb1ibg.ent-L50-L56
  1 data/pdb1igc.ent-L50-L56
  1 data/pdb1igf.ent-L50-L56
  1 data/pdb1igi.ent-L50-L56
  1 data/pdb1igm.ent-L50-L56
  1 data/pdb1ikf.ent-L50-L56
  1 data/pdb1ind.ent-L50-L56
  1 data/pdb1jhl.ent-L50-L56
  1 data/pdb1mam.ent-L50-L56
  1 data/pdb1mcp.ent-L50-L56
  1 data/pdb1mfa.ent-L50-L56
  1 data/pdb1mlb.ent-L50-L56
  1 data/pdb1nbv.ent-L50-L56
  1 data/pdb1rmf.ent-L50-L56
  1 data/pdb1tet.ent-L50-L56
  1 data/pdb1vfa.ent-L50-L56
  1 data/pdb2cgr.ent-L50-L56
  1 data/pdb2fb4.ent-L50-L56
  1 data/pdb2fbj.ent-L50-L56
  1 data/pdb2gfb.ent-L50-L56
  1 data/pdb3hfm.ent-L50-L56
  1 data/pdb4fab.ent-L50-L56
  2 data/pdb6fab.ent-L50-L56
  1 data/pdb8fab.ent-L50-L56
  1 data/pdb1ivl.ent-L50-L56
  1 data/pdb1mcw.ent-L50-L56
  1 data/pdb1rei.ent-L50-L56
  1 data/pdb1wtl.ent-L50-L56
  1 data/pdb4bjl.ent-L50-L56
  1 data/pdb2mcg.ent-L50-L56
  1 data/pdb2rhe.ent-L50-L56
END ASSIGNMENTS

BEGIN MEDIANS 2
  1 data/pdb1acy.ent-L50-L56
  2 data/pdb6fab.ent-L50-L56
END MEDIANS

BEGIN CRITICALRESIDUES 2
CLUSTER 1 (Length = 7, Members = 47)
L 50  0x0000 No conserved properties  (ACDEFGHIKLMNPQRSTVWY)
L 51  0x0040 /aliphatic/  (ACDEGHIKLMNPQRSTV)
L 52  0x1040 /aliphatic/not glycine or proline/  (ACDEHIKLMNQRSTV)
L 53  0x1000 /not glycine or proline/  (ACDEFHIKLMNQRSTVWY)
L 54  0x1040 /aliphatic/not glycine or proline/  (ACDEHIKLMNQRSTV)
L 55  0x0000 No conserved properties  (ACDEFGHIKLMNPQRSTVWY)
L 56  0x0000 No conserved properties  (ACDEFGHIKLMNPQRSTVWY)

CLUSTER 2 (Length = 7, Members = 1)
WARNING: This cluster has only one member!
L 50  0x5231 /hydrophobic/aromatic/non-H-bonding/not glycine or proline/ [CONSERVED] (F)
L 51  0x3152 /uncharged/hydrophilic/H-bonding/medium/aliphatic/not glycine or proline/ [CONSERVED] (T)
L 52  0x30d2 /uncharged/hydrophilic/H-bonding/small/aliphatic/not glycine or proline/ [CONSERVED] (S)
L 53  0x524a /positive/large/aliphatic/not glycine or proline/ [CONSERVED] (R)
L 54  0x30d2 /uncharged/hydrophilic/H-bonding/small/aliphatic/not glycine or proline/ [CONSERVED] (S)
L 55  0x3152 /uncharged/hydrophilic/H-bonding/medium/aliphatic/not glycine or proline/ [CONSERVED] (Q)
L 56  0x30d2 /uncharged/hydrophilic/H-bonding/small/aliphatic/not glycine or proline/ [CONSERVED] (S)

END CRITICALRESIDUES

BEGIN ALLCRITICALRESIDUES 2
CLUSTER 1 (Length = 7, Members = 47)
L 50  0x0000 No conserved properties  (ACDEFGHIKLMNPQRSTVWY)
L 51  0x0040 /aliphatic/  (ACDEGHIKLMNPQRSTV)
L 52  0x1040 /aliphatic/not glycine or proline/  (ACDEHIKLMNQRSTV)
L 53  0x1000 /not glycine or proline/  (ACDEFHIKLMNQRSTVWY)
L 54  0x1040 /aliphatic/not glycine or proline/  (ACDEHIKLMNQRSTV)
L 55  0x0000 No conserved properties  (ACDEFGHIKLMNPQRSTVWY)
L 56  0x0000 No conserved properties  (ACDEFGHIKLMNPQRSTVWY)

CLUSTER 2 (Length = 7, Members = 1)
WARNING: This cluster has only one member!
L 50  0x5231 /hydrophobic/aromatic/non-H-bonding/not glycine or proline/ [CONSERVED] (F)
L 51  0x3152 /uncharged/hydrophilic/H-bonding/medium/aliphatic/not glycine or proline/ [CONSERVED] (T)
L 52  0x30d2 /uncharged/hydrophilic/H-bonding/small/aliphatic/not glycine or proline/ [CONSERVED] (S)
L 53  0x524a /positive/large/aliphatic/not glycine or proline/ [CONSERVED] (R)
L 54  0x30d2 /uncharged/hydrophilic/H-bonding/small/aliphatic/not glycine or proline/ [CONSERVED] (S)
L 55  0x3152 /uncharged/hydrophilic/H-bonding/medium/aliphatic/not glycine or proline/ [CONSERVED] (Q)
L 56  0x30d2 /uncharged/hydrophilic/H-bonding/small/aliphatic/not glycine or proline/ [CONSERVED] (S)

END ALLCRITICALRESIDUES
